1
13
2
10
10
0	43.632359	-79.71978	0	0	480	0
1	43.66949	-79.33894	15000	120	240	75
2	43.656891	-79.434196	9000	120	240	45
3	43.66806	-79.487663	5000	240	360	15
4	43.70837	-79.478706	14000	360	480	70
5	43.72731	-79.290352	11000	360	480	33
6	43.725239	-79.509697	4000	240	360	12
7	43.76305	-79.490822	17000	240	360	85
8	43.67315	-79.53603	15000	360	480	45
9	43.62168	-79.54413	5000	0	120	25
10	43.79456	-79.23539	5000	0	120	15
11	43.848323	-79.28004	0	0	480	8
12	43.725389	-79.539592	0	0	480	18
13	43.632359	-79.71978	0	0	480	0
1	2.758	36000	350	1.75	285.822
2	3.305	36000	999999	4.375	272.745
3	3.305	36000	999999	4.375	272.745
4	3.305	36000	999999	4.375	272.745
5	3.305	36000	999999	4.375	272.745
6	3.305	36000	999999	4.375	272.745
7	3.305	36000	999999	4.375	272.745
8	3.305	36000	999999	4.375	272.745
9	3.305	36000	999999	4.375	272.745
10	3.305	36000	999999	4.375	272.745
11	0.42
12	0.42
1	0.015
2	0.029
3	0.029
